-------------한솔홀딩스 MUST BUY---------------
              Open    High     Low   Close  Volume  Adj Close
Date                                                         
2017-03-27  6250.0  6310.0  6200.0  6250.0   71000     6250.0
2017-03-28  6200.0  6250.0  6140.0  6180.0   94800     6180.0
2017-03-29  6180.0  6190.0  6130.0  6190.0   82600     6190.0
2017-03-30  6190.0  6210.0  6160.0  6190.0   40200     6190.0
2017-03-31  6190.0  6300.0  6160.0  6290.0   71900     6290.0
2017-04-03  6290.0  6470.0  6290.0  6460.0   92900     6460.0
2017-04-04  6430.0  6530.0  6430.0  6490.0   64800     6490.0
2017-04-05  6490.0  6540.0  6490.0  6530.0  101700     6530.0
-------------아세아제지 MUST BUY---------------
               Open     High      Low    Close  Volume  Adj Close
Date                                                             
2017-03-27  18650.0  18900.0  18650.0  18900.0    9200    18900.0
2017-03-28  18750.0  18850.0  18550.0  18750.0   18600    18750.0
2017-03-29  18750.0  18750.0  18550.0  18700.0   11800    18700.0
2017-03-30  18700.0  18800.0  18550.0  18750.0    8700    18750.0
2017-03-31  18700.0  18900.0  18600.0  18850.0    9700    18850.0
2017-04-03  18850.0  19200.0  18700.0  19000.0   12800    19000.0
2017-04-04  19000.0  19400.0  19000.0  19300.0   12900    19300.0
2017-04-05  19300.0  19500.0  19250.0  19400.0   13500    19400.0
-------------CJ우 MUST BUY---------------
               Open     High      Low    Close  Volume  Adj Close
Date                                                             
2017-03-27  70700.0  71600.0  70300.0  71400.0    7700    71400.0
2017-03-28  71500.0  72000.0  71100.0  71300.0    1600    71300.0
2017-03-29  71800.0  71900.0  71000.0  71300.0    4700    71300.0
2017-03-30  71400.0  71600.0  71100.0  71400.0     900    71400.0
2017-03-31  71500.0  71600.0  70700.0  71600.0    2400    71600.0
2017-04-03  71600.0  72700.0  71400.0  72700.0    4300    72700.0
2017-04-04  72800.0  73800.0  72200.0  73500.0    3600    73500.0
2017-04-05  74800.0  74800.0  72800.0  73600.0    3900    73600.0
-------------신도리코 MUST BUY---------------
               Open     High      Low    Close  Volume  Adj Close
Date                                                             
2017-03-27  51300.0  51600.0  50800.0  51300.0    8200    51300.0
2017-03-28  51400.0  51400.0  50500.0  51100.0   14100    51100.0
2017-03-29  51200.0  51200.0  50300.0  50300.0    5700    50300.0
2017-03-30  50300.0  50400.0  49800.0  50000.0    6500    50000.0
2017-03-31  50000.0  51100.0  50000.0  50900.0   12500    50900.0
2017-04-03  50900.0  51600.0  50600.0  51200.0    6000    51200.0
2017-04-04  51000.0  51400.0  50700.0  51400.0    6100    51400.0
2017-04-05  51100.0  52000.0  51100.0  51900.0   15900    51900.0
-------------신세계푸드 MUST BUY---------------
                Open      High       Low     Close  Volume  Adj Close
Date                                                                 
2017-03-27  142500.0  149500.0  142500.0  149000.0   25700   149000.0
2017-03-28  148500.0  151000.0  147500.0  150000.0   12700   150000.0
2017-03-29  150000.0  150500.0  147000.0  148000.0    7300   148000.0
2017-03-30  148000.0  149500.0  146500.0  148000.0    6700   148000.0
2017-03-31  148000.0  151500.0  148000.0  149500.0   21400   149500.0
2017-04-03  150500.0  154000.0  149500.0  154000.0   17900   154000.0
2017-04-04  154000.0  156500.0  153000.0  155000.0   18000   155000.0
2017-04-05  156000.0  156000.0  151000.0  155500.0   15800   155500.0
-------------NI스틸 MUST BUY---------------
              Open    High     Low   Close  Volume  Adj Close
Date                                                         
2017-03-27  4110.0  4155.0  4050.0  4125.0   76800     4125.0
2017-03-28  4185.0  4185.0  4015.0  4050.0   66600     4050.0
2017-03-29  4020.0  4155.0  4020.0  4100.0   46900     4100.0
2017-03-30  4100.0  4135.0  4040.0  4130.0   46300     4130.0
2017-03-31  4115.0  4170.0  4115.0  4135.0   40900     4135.0
2017-04-03  4135.0  4235.0  4125.0  4165.0  150800     4165.0
2017-04-04  4180.0  4265.0  4160.0  4215.0  154200     4215.0
2017-04-05  4215.0  4345.0  4215.0  4270.0  133500     4270.0
-------------팀스 MUST BUY---------------
               Open     High      Low    Close  Volume  Adj Close
Date                                                             
2017-03-27  19300.0  19300.0  18300.0  18500.0    3600    18500.0
2017-03-28  18250.0  18550.0  18150.0  18350.0    3900    18350.0
2017-03-29  18350.0  18350.0  17650.0  17850.0    6100    17850.0
2017-03-30  17850.0  18450.0  17500.0  17700.0    1800    17700.0
2017-03-31  18050.0  18050.0  17750.0  17750.0     900    17750.0
2017-04-03  17600.0  17900.0  17450.0  17900.0    2400    17900.0
2017-04-04  18000.0  18050.0  17750.0  18000.0    1700    18000.0
2017-04-05  18300.0  18900.0  18000.0  18700.0    4100    18700.0
-------------신풍제약우 MUST BUY---------------
              Open    High     Low   Close  Volume  Adj Close
Date                                                         
2017-03-27  4485.0  4485.0  4295.0  4445.0    1500     4445.0
2017-03-28  4445.0  4450.0  4300.0  4430.0    1900     4430.0
2017-03-29  4430.0  4495.0  4390.0  4480.0    3300     4480.0
2017-03-30  4490.0  4505.0  4320.0  4430.0    2800     4430.0
2017-03-31  4425.0  4495.0  4420.0  4460.0    1800     4460.0
2017-04-03  4540.0  4665.0  4460.0  4580.0    6500     4580.0
2017-04-04  4610.0  4630.0  4450.0  4630.0    6200     4630.0
2017-04-05  4460.0  4690.0  4455.0  4690.0    6000     4690.0
-------------현대에이치씨엔 MUST BUY---------------
              Open    High     Low   Close  Volume  Adj Close
Date                                                         
2017-03-27  3790.0  3825.0  3745.0  3745.0   24400     3745.0
2017-03-28  3740.0  3790.0  3730.0  3780.0   64700     3780.0
2017-03-29  3750.0  3795.0  3735.0  3780.0   70600     3780.0
2017-03-30  3765.0  3780.0  3740.0  3750.0   34700     3750.0
2017-03-31  3750.0  3890.0  3730.0  3890.0  225500     3890.0
2017-04-03  3890.0  3970.0  3815.0  3970.0  169100     3970.0
2017-04-04  3935.0  4020.0  3920.0  3995.0  111600     3995.0
2017-04-05  4040.0  4040.0  3960.0  4020.0  112300     4020.0
-------------신대양제지 MUST BUY---------------
               Open     High      Low    Close  Volume  Adj Close
Date                                                             
2017-03-27  24850.0  25050.0  24500.0  25000.0    5800    25000.0
2017-03-28  25100.0  25150.0  24600.0  24850.0    6900    24850.0
2017-03-29  24850.0  25000.0  24700.0  25000.0    3000    25000.0
2017-03-30  25000.0  25100.0  24750.0  25050.0    7200    25050.0
2017-03-31  25050.0  25750.0  24950.0  25650.0   12200    25650.0
2017-04-03  25650.0  25900.0  25400.0  25700.0    4500    25700.0
2017-04-04  26000.0  26000.0  25500.0  25750.0    6200    25750.0
2017-04-05  25750.0  26450.0  25650.0  26250.0   15100    26250.0
-------------SK네트웍스 MUST BUY---------------
              Open    High     Low   Close   Volume  Adj Close
Date                                                          
2017-03-27  7390.0  7440.0  7260.0  7330.0   467400     7330.0
2017-03-28  7330.0  7530.0  7330.0  7440.0   777400     7440.0
2017-03-29  7450.0  7450.0  7290.0  7360.0   977000     7360.0
2017-03-30  7360.0  7390.0  7280.0  7330.0   654400     7330.0
2017-03-31  7300.0  7540.0  7290.0  7470.0  1141500     7470.0
2017-04-03  7430.0  7690.0  7420.0  7600.0  1285900     7600.0
2017-04-04  7660.0  7780.0  7560.0  7690.0  1414500     7690.0
2017-04-05  7740.0  8000.0  7700.0  7900.0  2177800     7900.0
-------------한국카본 MUST BUY---------------
              Open    High     Low   Close  Volume  Adj Close
Date                                                         
2017-03-27  6740.0  6810.0  6620.0  6770.0  248100     6770.0
2017-03-28  6770.0  6800.0  6690.0  6730.0  173300     6730.0
2017-03-29  6760.0  6920.0  6710.0  6760.0  318300     6760.0
2017-03-30  6770.0  6780.0  6580.0  6600.0  299500     6600.0
2017-03-31  6630.0  6700.0  6600.0  6650.0  130900     6650.0
2017-04-03  6650.0  6710.0  6650.0  6680.0  156800     6680.0
2017-04-04  6710.0  6750.0  6660.0  6720.0  189200     6720.0
2017-04-05  6730.0  6880.0  6660.0  6840.0  238100     6840.0
-------------현대씨앤에프 MUST BUY---------------
               Open     High      Low    Close  Volume  Adj Close
Date                                                             
2017-03-27  14950.0  15100.0  14750.0  14850.0   32300    14850.0
2017-03-28  14800.0  14950.0  14750.0  14900.0   17700    14900.0
2017-03-29  14900.0  15450.0  14900.0  15300.0   44000    15300.0
2017-03-30  15350.0  15400.0  15150.0  15400.0   22000    15400.0
2017-03-31  15450.0  15900.0  15450.0  15800.0   44300    15800.0
2017-04-03  15850.0  15850.0  15650.0  15850.0   20600    15850.0
2017-04-04  15800.0  16000.0  15700.0  16000.0   21500    16000.0
2017-04-05  16000.0  16150.0  15800.0  16050.0   27800    16050.0
-------------삼양사우 MUST BUY---------------
               Open     High      Low    Close  Volume  Adj Close
Date                                                             
2017-03-27  55800.0  56500.0  54900.0  55800.0     500    55800.0
2017-03-28  57400.0  57400.0  54800.0  55500.0     500    55500.0
2017-03-29  55800.0  56100.0  55000.0  55800.0     400    55800.0
2017-03-30  55400.0  56500.0  54600.0  56500.0     300    56500.0
2017-03-31  56500.0  57200.0  55500.0  57200.0     600    57200.0
2017-04-03  57200.0  57500.0  55900.0  57400.0     700    57400.0
2017-04-04  57100.0  58300.0  57000.0  58200.0    1900    58200.0
2017-04-05  58200.0  58700.0  58200.0  58700.0    2200    58700.0
-------------지투알 MUST BUY---------------
               Open     High     Low    Close  Volume  Adj Close
Date                                                            
2017-03-27   9720.0   9720.0  9210.0   9450.0  136600     9450.0
2017-03-28   9440.0   9740.0  9250.0   9490.0   84200     9490.0
2017-03-29   9590.0   9600.0  9310.0   9310.0   33500     9310.0
2017-03-30   9430.0   9740.0  9110.0   9670.0   52300     9670.0
2017-03-31   9800.0  10000.0  9670.0   9900.0   56200     9900.0
2017-04-03  10050.0  10300.0  9700.0   9910.0   45700     9910.0
2017-04-04   9910.0  10250.0  9700.0   9960.0   23500     9960.0
2017-04-05   9820.0  10200.0  9680.0  10050.0   59400    10050.0
-------------삼양통상 MUST BUY---------------
               Open     High      Low    Close  Volume  Adj Close
Date                                                             
2017-03-27  50700.0  50900.0  50600.0  50600.0    3700    50600.0
2017-03-28  50600.0  51800.0  50500.0  51800.0   13900    51800.0
2017-03-29  51900.0  52300.0  51300.0  52000.0    8900    52000.0
2017-03-30  52300.0  52300.0  51500.0  51700.0    5400    51700.0
2017-03-31  51900.0  53200.0  51800.0  52500.0   15500    52500.0
2017-04-03  52500.0  53100.0  52500.0  52900.0    6100    52900.0
2017-04-04  53000.0  53500.0  52500.0  53100.0    8000    53100.0
2017-04-05  53500.0  53500.0  52600.0  53300.0    7800    53300.0
-------------유양디앤유 MUST BUY---------------
              Open    High     Low   Close  Volume  Adj Close
Date                                                         
2017-03-27  4105.0  4210.0  4050.0  4210.0  651700     4210.0
2017-03-28  4090.0  4225.0  4010.0  4095.0  488600     4095.0
2017-03-29  4050.0  4225.0  4050.0  4105.0  283900     4105.0
2017-03-30  4015.0  4120.0  4015.0  4105.0  192600     4105.0
2017-03-31  4075.0  4160.0  4055.0  4110.0  259200     4110.0
2017-04-03  4085.0  4210.0  4085.0  4205.0  365300     4205.0
2017-04-04  4210.0  4275.0  4200.0  4230.0  434200     4230.0
2017-04-05  4290.0  4455.0  4290.0  4320.0  723600     4320.0
-------------종근당바이오 MUST BUY---------------
               Open     High      Low    Close  Volume  Adj Close
Date                                                             
2017-03-27  22300.0  22850.0  22200.0  22600.0   33500    22600.0
2017-03-28  22600.0  22650.0  22400.0  22600.0   13000    22600.0
2017-03-29  22600.0  22750.0  22350.0  22550.0   10200    22550.0
2017-03-30  22550.0  22700.0  22000.0  22050.0   27100    22050.0
2017-03-31  22050.0  22500.0  22050.0  22400.0   13900    22400.0
2017-04-03  22600.0  23300.0  22450.0  23300.0   42100    23300.0
2017-04-04  23300.0  23600.0  23100.0  23500.0   42200    23500.0
2017-04-05  23250.0  23750.0  23250.0  23550.0   19200    23550.0
-------------LIG넥스원 MUST BUY---------------
               Open     High      Low    Close  Volume  Adj Close
Date                                                             
2017-03-27  80600.0  81600.0  79100.0  81200.0   45000    81200.0
2017-03-28  80800.0  82300.0  79700.0  80100.0   60700    80100.0
2017-03-29  79900.0  80900.0  77600.0  77900.0   90400    77900.0
2017-03-30  77500.0  78600.0  76800.0  77600.0   52500    77600.0
2017-03-31  77700.0  79500.0  77600.0  78500.0   59300    78500.0
2017-04-03  78400.0  79500.0  78300.0  79100.0   54200    79100.0
2017-04-04  79500.0  80900.0  78600.0  80800.0   55300    80800.0
2017-04-05  81300.0  82100.0  79600.0  81200.0   60700    81200.0
-------------엔씨소프트 MUST BUY---------------
                Open      High       Low     Close  Volume  Adj Close
Date                                                                 
2017-03-27  285000.0  287500.0  279000.0  284500.0  233900   284500.0
2017-03-28  287000.0  289500.0  282500.0  289500.0  143400   289500.0
2017-03-29  294000.0  308000.0  284000.0  304500.0  362200   304500.0
2017-03-30  306500.0  311000.0  300000.0  302000.0  183300   302000.0
2017-03-31  304500.0  312500.0  302500.0  305000.0  195100   305000.0
2017-04-03  307500.0  312000.0  306000.0  309000.0  105200   309000.0
2017-04-04  310500.0  321500.0  307500.0  315000.0  185500   315000.0
2017-04-05  317000.0  321500.0  309500.0  319500.0  198000   319500.0
-------------제일약품 MUST BUY---------------
               Open     High      Low    Close  Volume  Adj Close
Date                                                             
2017-03-27  64800.0  65800.0  63900.0  65500.0   47500    65500.0
2017-03-28  65100.0  66100.0  64700.0  65300.0   21700    65300.0
2017-03-29  65300.0  65300.0  63500.0  64800.0   34800    64800.0
2017-03-30  64400.0  65000.0  63000.0  64700.0   48900    64700.0
2017-03-31  64700.0  65400.0  63900.0  64900.0   30200    64900.0
2017-04-03  65700.0  69000.0  64900.0  68700.0  100500    68700.0
2017-04-04  68600.0  69900.0  68000.0  68900.0   56200    68900.0
2017-04-05  69500.0  69800.0  68700.0  69300.0   55400    69300.0
-------------넥센타이어1우B MUST BUY---------------
              Open    High     Low   Close  Volume  Adj Close
Date                                                         
2017-03-27  5590.0  5590.0  5510.0  5560.0    1100     5560.0
2017-03-28  5530.0  5550.0  5510.0  5530.0     100     5530.0
2017-03-29  5570.0  5570.0  5400.0  5420.0    7300     5420.0
2017-03-30  5420.0  5470.0  5420.0  5470.0     700     5470.0
2017-03-31  5440.0  5580.0  5440.0  5570.0   15900     5570.0
2017-04-03  5540.0  5630.0  5540.0  5620.0   70500     5620.0
2017-04-04  5600.0  5670.0  5600.0  5660.0     900     5660.0
2017-04-05  5650.0  5700.0  5650.0  5700.0   32600     5700.0
-------------케이티스 MUST BUY---------------
              Open    High     Low   Close   Volume  Adj Close
Date                                                          
2017-03-27  3470.0  3470.0  3385.0  3415.0    85100     3415.0
2017-03-28  3405.0  3425.0  3370.0  3390.0    63800     3390.0
2017-03-29  3410.0  3415.0  3350.0  3405.0    92500     3405.0
2017-03-30  3405.0  3425.0  3360.0  3370.0    94600     3370.0
2017-03-31  3370.0  3420.0  3355.0  3405.0    63900     3405.0
2017-04-03  3410.0  3440.0  3400.0  3435.0   105300     3435.0
2017-04-04  3435.0  4050.0  3435.0  3485.0  3052500     3485.0
2017-04-05  3510.0  3585.0  3485.0  3540.0   444900     3540.0
-------------영진약품 MUST BUY---------------
              Open    High     Low   Close    Volume  Adj Close
Date                                                           
2017-03-27  8140.0  8270.0  8090.0  8130.0   1740300     8130.0
2017-03-28  8190.0  8400.0  8110.0  8400.0   2943300     8400.0
2017-03-29  8440.0  8460.0  8210.0  8240.0   2144200     8240.0
2017-03-30  8310.0  8320.0  8130.0  8150.0   1356300     8150.0
2017-03-31  8180.0  8240.0  8130.0  8170.0   1204100     8170.0
2017-04-03  8240.0  8500.0  8180.0  8470.0   3294700     8470.0
2017-04-04  8510.0  9140.0  8280.0  8510.0  10360600     8510.0
2017-04-05  8600.0  8950.0  8550.0  8690.0   5676400     8690.0
